1 24 994 0 43 76 0 0 -1
1 23 216 129 50 158 0 0 -1
1 22 462 85 52 169 0 0 -1
1 21 354 103 57 168 0 0 -1
1 20 410 92 53 164 0 0 -1
1 19 877 121 49 176 0 0 -1
1 18 898 128 63 163 0 0 -1
1 17 286 127 57 164 0 0 -1
1 16 228 401 62 195 0 0 -1
1 15 265 366 58 218 0 0 -1
1 14 504 133 49 171 0 0 -1
1 13 1447 250 60 161 0 0 -1
1 12 794 148 58 171 0 0 -1
1 11 1046 133 62 177 0 0 -1
1 10 1788 205 57 182 0 0 -1
1 9 546 146 55 180 0 0 -1
1 8 0 879 43 198 0 0 -1
1 7 1099 979 69 100 0 0 -1
1 6 1103 211 55 175 0 0 -1
1 5 1636 263 61 179 0 0 -1
1 4 1734 458 71 218 0 0 -1
1 3 1357 571 87 226 0 0 -1
1 2 370 410 80 238 0 0 -1
1 1 103 548 76 246 0 0 -1
