1 2 443 183 196 295 0 56 -1
1 1 93 83 455 396 0 0 -1
2 2 443 183 196 295 0 56 -1
2 1 95 83 452 396 0 0 -1
3 2 443 182 196 295 0 56 -1
3 1 95 83 449 395 0 0 -1
4 2 443 182 196 296 0 56 -1
4 1 94 88 449 390 0 0 -1
5 2 443 182 196 295 0 56 -1
5 1 94 92 453 386 0 0 -1
6 2 443 182 195 296 0 56 -1
6 1 96 84 460 395 0 0 -1
7 2 444 183 195 295 0 56 -1
7 1 106 83 449 395 0 0 -1
8 2 444 183 195 295 0 56 -1
8 1 105 83 450 395 0 0 -1
9 2 443 183 195 295 0 56 -1
9 1 104 83 452 395 0 0 -1
10 2 444 183 195 295 0 56 -1
10 1 102 83 451 395 0 0 -1
11 2 444 183 195 295 0 56 -1
11 1 104 84 453 394 0 0 -1
12 2 443 183 195 295 0 56 -1
12 1 102 82 456 396 0 0 -1
13 2 444 183 195 296 0 56 -1
13 1 103 83 451 396 0 0 -1
14 2 444 183 195 295 0 56 -1
14 1 104 83 451 395 0 0 -1
15 3 104 226 128 123 0 56 -1
15 2 444 183 195 295 0 56 -1
15 1 106 83 447 395 0 0 -1
16 3 104 226 125 122 0 56 -1
16 2 444 183 195 295 0 56 -1
16 1 99 84 459 394 0 0 -1
17 3 104 226 119 117 0 56 -1
17 2 444 183 195 295 0 56 -1
17 1 98 83 458 395 0 0 -1
18 3 103 226 120 113 0 56 -1
18 2 444 183 195 295 0 56 -1
18 1 92 83 463 395 0 0 -1
19 2 444 183 195 295 0 56 -1
19 1 93 83 462 395 0 0 -1
20 2 443 183 195 295 0 56 -1
20 1 91 82 465 396 0 0 -1
21 2 444 183 195 295 0 56 -1
21 1 91 83 462 396 0 0 -1
22 2 443 182 196 296 0 56 -1
22 1 93 83 466 395 0 0 -1
23 2 443 183 196 295 0 56 -1
23 1 96 83 472 395 0 0 -1
24 2 443 183 196 295 0 56 -1
24 1 102 82 461 397 0 0 -1
25 2 443 182 195 295 0 56 -1
25 1 100 83 455 395 0 0 -1
26 2 444 183 195 295 0 56 -1
26 1 100 83 454 395 0 0 -1
27 2 444 182 195 296 0 56 -1
27 1 103 82 462 396 0 0 -1
28 2 444 183 195 295 0 56 -1
28 1 103 83 457 396 0 0 -1
29 2 444 183 195 295 0 56 -1
29 1 101 83 460 394 0 0 -1
30 2 443 183 196 295 0 56 -1
30 1 104 83 462 396 0 0 -1
31 2 443 183 195 295 0 56 -1
31 1 105 83 480 395 0 0 -1
32 2 444 183 195 295 0 56 -1
32 1 98 83 463 395 0 0 -1
33 2 444 183 195 295 0 56 -1
33 1 95 83 472 395 0 0 -1
34 2 444 183 195 295 0 56 -1
34 1 97 83 471 395 0 0 -1
35 2 444 183 195 295 0 56 -1
35 1 90 83 470 395 0 0 -1
36 2 444 183 195 295 0 56 -1
36 1 85 83 478 395 0 0 -1
37 2 444 183 195 295 0 56 -1
37 1 88 83 473 396 0 0 -1
38 2 443 183 196 295 0 56 -1
38 1 88 83 477 396 0 0 -1
39 2 443 183 196 296 0 56 -1
39 1 91 83 497 396 0 0 -1
40 2 444 183 195 295 0 56 -1
40 1 89 83 479 395 0 0 -1
41 2 443 183 196 295 0 56 -1
41 1 86 83 489 396 0 0 -1
42 2 443 183 195 295 0 56 -1
42 1 86 82 478 396 0 0 -1
43 2 443 183 196 295 0 56 -1
43 1 85 83 487 396 0 0 -1
44 2 443 183 195 295 0 56 -1
44 1 81 83 482 395 0 0 -1
45 2 444 183 195 295 0 56 -1
45 1 81 83 471 395 0 0 -1
46 2 443 183 195 295 0 56 -1
46 1 80 83 481 395 0 0 -1
47 2 444 183 195 295 0 56 -1
47 1 79 83 481 396 0 0 -1
48 2 443 183 195 295 0 56 -1
48 1 80 83 483 396 0 0 -1
49 2 444 183 195 296 0 56 -1
49 1 82 83 493 396 0 0 -1
50 2 444 183 195 295 0 56 -1
50 1 83 83 487 396 0 0 -1
51 2 443 183 196 295 0 56 -1
51 1 82 83 492 396 0 0 -1
52 2 443 183 196 295 0 56 -1
52 1 86 83 506 396 0 0 -1
53 2 443 183 195 295 0 56 -1
53 1 81 83 508 396 0 0 -1
54 2 443 183 195 296 0 56 -1
54 1 79 83 514 396 0 0 -1
55 2 443 183 195 295 0 56 -1
55 1 80 83 508 396 0 0 -1
56 2 443 183 196 295 0 56 -1
56 1 79 83 513 396 0 0 -1
57 2 444 183 195 295 0 56 -1
57 1 81 83 480 395 0 0 -1
58 2 443 183 195 295 0 56 -1
58 1 78 83 499 395 0 0 -1
59 2 443 183 195 295 0 56 -1
59 1 75 83 490 395 0 0 -1
60 2 443 183 196 295 0 56 -1
60 1 71 83 502 395 0 0 -1
61 2 443 183 196 295 0 56 -1
61 1 66 84 495 395 0 0 -1
62 2 443 182 196 296 0 56 -1
62 1 70 83 490 395 0 0 -1
63 2 443 183 196 295 0 56 -1
63 1 63 83 495 396 0 0 -1
64 2 443 183 196 295 0 56 -1
64 1 68 83 490 395 0 0 -1
65 2 443 183 196 295 0 56 -1
65 1 69 83 494 395 0 0 -1
66 2 443 183 196 295 0 56 -1
66 1 73 83 484 396 0 0 -1
67 2 443 182 196 296 0 56 -1
67 1 73 83 491 395 0 0 -1
68 2 443 183 196 295 0 56 -1
68 1 72 83 490 396 0 0 -1
69 2 443 182 196 296 0 56 -1
69 1 81 83 478 395 0 0 -1
70 2 443 183 196 295 0 56 -1
70 1 81 83 482 396 0 0 -1
71 2 443 182 196 296 0 56 -1
71 1 82 83 481 396 0 0 -1
72 2 443 182 196 296 0 56 -1
72 1 82 83 477 396 0 0 -1
73 2 443 183 196 295 0 56 -1
73 1 83 83 494 396 0 0 -1
74 2 443 182 196 296 0 56 -1
74 1 85 83 474 396 0 0 -1
75 2 443 183 196 295 0 56 -1
75 1 85 83 474 395 0 0 -1
76 2 443 183 196 295 0 56 -1
76 1 83 83 473 396 0 0 -1
77 2 443 183 196 295 0 56 -1
77 1 83 83 479 396 0 0 -1
78 2 443 183 196 295 0 56 -1
78 1 77 82 513 396 0 0 -1
79 2 443 182 196 296 0 56 -1
79 1 74 80 506 399 0 0 -1
80 2 443 182 196 296 0 56 -1
80 1 55 76 523 403 0 0 -1
81 5 104 224 122 174 0 56 -1
81 2 442 182 196 296 0 56 -1
81 1 0 71 604 407 0 0 -1
82 2 442 182 197 294 0 56 -1
82 1 8 69 574 410 0 0 -1
83 1 13 69 569 409 0 0 -1
84 1 5 72 579 406 0 0 -1
85 1 3 71 584 407 0 0 -1
86 1 0 73 594 406 0 0 -1
87 5 105 225 127 220 0 56 -1
87 1 0 70 595 409 0 0 -1
88 5 105 225 121 225 0 56 -1
88 1 9 66 590 413 0 0 -1
89 5 104 224 122 223 0 56 -1
89 1 17 68 587 411 0 0 -1
90 5 104 225 121 225 0 56 -1
90 1 9 75 600 404 0 0 -1
91 1 16 78 601 401 0 0 -1
92 6 253 74 353 404 0 0 -1
92 1 11 79 605 400 0 0 -1
93 7 233 189 78 48 0 63 -1
93 6 267 74 341 404 0 0 -1
93 5 105 225 120 226 0 56 -1
93 1 10 75 608 404 0 0 -1
94 5 105 225 122 225 0 56 -1
94 1 12 73 607 406 0 0 -1
95 7 233 188 77 48 0 63 -1
95 6 262 73 349 405 0 0 -1
95 5 105 225 122 226 0 56 -1
95 1 15 73 606 406 0 0 -1
96 6 256 73 356 405 0 0 -1
96 1 14 74 607 405 0 0 -1
97 6 259 71 353 407 0 0 -1
97 1 12 75 608 404 0 0 -1
98 1 16 73 605 406 0 0 -1
99 5 105 225 121 225 0 56 -1
99 1 14 75 605 404 0 0 -1
100 1 15 74 607 405 0 0 -1
101 1 13 74 608 405 0 0 -1
102 6 254 75 357 403 0 0 -1
102 5 105 226 122 225 0 56 -1
102 1 14 75 607 404 0 0 -1
103 1 12 75 607 404 0 0 -1
104 6 263 75 349 402 0 0 -1
104 1 11 76 608 403 0 0 -1
105 6 243 74 367 403 0 0 -1
105 1 16 77 602 402 0 0 -1
106 1 13 76 603 403 0 0 -1
107 1 12 76 605 403 0 0 -1
108 1 12 76 603 403 0 0 -1
109 6 260 75 350 402 0 0 -1
109 1 15 76 605 402 0 0 -1
110 6 238 75 373 403 0 0 -1
110 5 105 224 120 227 0 56 -1
110 1 16 75 603 404 0 0 -1
111 6 259 75 352 403 0 0 -1
111 1 12 76 605 403 0 0 -1
112 6 260 76 350 401 0 0 -1
112 1 15 77 604 402 0 0 -1
113 6 266 76 345 402 0 0 -1
113 1 14 78 602 400 0 0 -1
114 6 264 75 347 402 0 0 -1
114 1 14 77 602 402 0 0 -1
115 1 12 77 605 402 0 0 -1
116 5 105 225 121 227 0 56 -1
116 1 13 78 604 401 0 0 -1
