1 1 183 52 417 426 0 0 -1
2 1 194 49 415 429 0 0 -1
3 1 150 50 474 428 0 0 -1
4 1 149 52 472 426 0 0 -1
5 1 146 53 476 425 0 0 -1
6 1 165 47 445 432 0 0 -1
7 1 177 49 448 430 0 0 -1
8 1 175 49 450 430 0 0 -1
9 1 175 50 449 428 0 0 -1
10 1 175 52 449 426 0 0 -1
11 1 173 50 447 428 0 0 -1
12 1 174 53 449 425 0 0 -1
13 1 173 54 450 425 0 0 -1
14 1 173 53 448 426 0 0 -1
15 1 172 53 450 426 0 0 -1
16 1 171 52 450 427 0 0 -1
17 1 171 54 451 425 0 0 -1
18 1 167 52 454 427 0 0 -1
19 1 171 51 450 428 0 0 -1
20 1 170 53 450 425 0 0 -1
21 1 169 53 451 426 0 0 -1
22 1 171 53 449 426 0 0 -1
23 1 171 50 448 428 0 0 -1
24 1 166 53 457 426 0 0 -1
25 1 169 53 452 425 0 0 -1
26 1 167 53 456 426 0 0 -1
27 1 164 53 457 426 0 0 -1
28 1 172 51 449 427 0 0 -1
29 1 165 52 459 427 0 0 -1
30 1 173 54 450 425 0 0 -1
31 1 172 52 452 426 0 0 -1
32 1 172 52 453 427 0 0 -1
33 1 163 52 462 427 0 0 -1
34 1 175 53 447 426 0 0 -1
35 1 172 54 450 425 0 0 -1
36 1 174 53 449 425 0 0 -1
37 1 175 51 448 427 0 0 -1
38 1 172 54 451 425 0 0 -1
39 1 126 52 495 427 0 0 -1
40 1 176 51 447 427 0 0 -1
41 1 173 53 450 426 0 0 -1
42 1 129 53 496 425 0 0 -1
43 1 146 55 478 424 0 0 -1
44 1 175 52 450 426 0 0 -1
45 1 171 54 457 425 0 0 -1
46 1 160 56 463 422 0 0 -1
47 1 177 56 447 422 0 0 -1
48 1 179 54 444 424 0 0 -1
49 1 177 56 446 422 0 0 -1
50 1 177 57 449 421 0 0 -1
51 1 151 57 475 422 0 0 -1
52 1 178 54 449 424 0 0 -1
53 1 175 55 452 424 0 0 -1
54 1 165 56 461 423 0 0 -1
55 1 173 55 450 423 0 0 -1
56 1 149 58 477 421 0 0 -1
57 1 167 57 458 422 0 0 -1
58 1 168 56 458 423 0 0 -1
59 1 162 56 462 422 0 0 -1
60 1 170 57 457 422 0 0 -1
61 1 163 56 460 422 0 0 -1
62 1 177 56 449 422 0 0 -1
63 1 180 58 446 421 0 0 -1
64 1 173 55 452 424 0 0 -1
65 1 150 55 473 423 0 0 -1
66 1 177 57 446 421 0 0 -1
67 1 164 55 461 424 0 0 -1
68 1 166 56 461 422 0 0 -1
69 1 175 58 450 421 0 0 -1
70 1 164 56 462 423 0 0 -1
71 1 156 56 472 423 0 0 -1
72 1 166 57 461 422 0 0 -1
73 1 165 56 465 423 0 0 -1
74 1 168 56 459 423 0 0 -1
75 1 160 58 462 420 0 0 -1
76 1 169 56 458 423 0 0 -1
77 1 160 58 466 421 0 0 -1
78 1 170 58 458 421 0 0 -1
79 1 168 58 457 421 0 0 -1
80 1 148 58 476 421 0 0 -1
81 1 163 58 463 420 0 0 -1
82 1 158 58 468 421 0 0 -1
83 1 157 58 467 421 0 0 -1
84 1 168 58 457 420 0 0 -1
85 1 159 58 463 421 0 0 -1
86 1 167 58 457 421 0 0 -1
87 1 169 58 457 421 0 0 -1
88 1 136 58 489 420 0 0 -1
89 1 155 59 467 420 0 0 -1
90 1 170 58 456 420 0 0 -1
91 1 159 58 466 421 0 0 -1
92 1 160 60 463 418 0 0 -1
93 1 174 59 449 419 0 0 -1
94 1 155 58 472 421 0 0 -1
95 1 161 58 465 420 0 0 -1
96 1 166 58 459 421 0 0 -1
97 1 166 58 462 421 0 0 -1
98 1 175 60 450 418 0 0 -1
99 1 152 57 475 422 0 0 -1
100 1 166 58 458 421 0 0 -1
101 1 153 58 473 421 0 0 -1
102 1 130 58 496 421 0 0 -1
103 1 175 61 447 418 0 0 -1
104 1 157 58 468 421 0 0 -1
105 1 169 58 458 421 0 0 -1
106 1 165 58 462 421 0 0 -1
107 1 157 58 468 421 0 0 -1
108 1 151 60 473 419 0 0 -1
109 1 169 58 458 421 0 0 -1
110 1 155 58 471 421 0 0 -1
111 1 150 58 475 421 0 0 -1
112 1 115 60 508 419 0 0 -1
113 1 169 58 455 421 0 0 -1
114 1 113 60 511 419 0 0 -1
115 1 158 61 464 418 0 0 -1
116 1 172 61 450 418 0 0 -1
117 1 155 58 471 421 0 0 -1
118 1 152 59 471 420 0 0 -1
119 1 168 59 458 420 0 0 -1
120 1 165 58 462 421 0 0 -1
121 1 159 58 469 421 0 0 -1
122 1 163 59 462 420 0 0 -1
123 1 158 59 466 420 0 0 -1
124 1 173 60 448 419 0 0 -1
125 1 161 60 464 419 0 0 -1
126 1 170 59 458 420 0 0 -1
127 1 132 60 491 418 0 0 -1
128 1 154 59 474 420 0 0 -1
129 1 168 60 454 419 0 0 -1
130 1 153 59 475 420 0 0 -1
131 1 170 58 455 421 0 0 -1
132 1 143 61 481 418 0 0 -1
133 1 170 59 455 420 0 0 -1
134 1 156 59 471 420 0 0 -1
135 1 131 61 493 418 0 0 -1
136 1 163 59 461 420 0 0 -1
137 1 94 61 531 418 0 0 -1
138 1 120 62 505 417 0 0 -1
139 1 156 62 470 417 0 0 -1
140 1 168 60 459 419 0 0 -1
141 1 164 60 464 418 0 0 -1
142 1 161 60 466 418 0 0 -1
143 1 168 60 458 419 0 0 -1
144 1 153 60 473 418 0 0 -1
145 1 159 61 466 418 0 0 -1
146 1 170 61 455 418 0 0 -1
147 1 162 61 464 418 0 0 -1
148 1 148 63 475 416 0 0 -1
149 1 54 62 570 417 0 0 -1
150 1 85 61 538 418 0 0 -1
151 1 71 63 551 416 0 0 -1
152 1 153 62 472 417 0 0 -1
153 1 166 62 455 417 0 0 -1
154 1 67 63 555 416 0 0 -1
155 1 143 62 478 417 0 0 -1
156 1 133 62 486 417 0 0 -1
157 1 140 61 480 417 0 0 -1
158 1 152 62 470 417 0 0 -1
159 1 159 62 462 417 0 0 -1
160 1 166 62 454 417 0 0 -1
161 1 157 62 463 416 0 0 -1
162 1 156 62 465 416 0 0 -1
163 1 134 62 485 417 0 0 -1
164 1 154 62 465 417 0 0 -1
165 1 120 62 500 417 0 0 -1
166 1 152 62 470 417 0 0 -1
167 1 135 62 486 417 0 0 -1
168 1 151 62 471 417 0 0 -1
169 1 157 62 469 417 0 0 -1
170 1 127 62 497 417 0 0 -1
171 1 142 62 482 417 0 0 -1
172 1 132 62 489 417 0 0 -1
173 1 155 62 468 417 0 0 -1
174 1 134 61 492 418 0 0 -1
175 1 41 63 584 416 0 0 -1
176 1 135 60 492 418 0 0 -1
177 1 136 61 492 418 0 0 -1
178 1 161 61 464 418 0 0 -1
179 1 157 61 470 418 0 0 -1
180 1 134 61 493 418 0 0 -1
181 1 147 61 480 418 0 0 -1
182 1 154 61 472 418 0 0 -1
183 1 176 63 446 415 0 0 -1
184 1 173 61 454 418 0 0 -1
185 1 165 61 461 418 0 0 -1
186 1 160 61 467 417 0 0 -1
187 4 105 226 107 229 0 56 -1
187 1 173 61 453 417 0 0 -1
188 1 165 61 463 418 0 0 -1
189 1 170 61 456 418 0 0 -1
190 1 174 61 450 417 0 0 -1
191 1 169 62 456 417 0 0 -1
192 1 166 61 458 418 0 0 -1
193 1 114 61 513 418 0 0 -1
194 1 136 60 489 418 0 0 -1
195 1 148 61 475 418 0 0 -1
196 1 92 61 533 417 0 0 -1
197 1 148 61 478 418 0 0 -1
198 1 85 63 540 416 0 0 -1
199 1 149 64 471 415 0 0 -1
200 4 104 226 109 229 0 56 -1
200 1 174 64 448 415 0 0 -1
201 1 178 64 444 415 0 0 -1
202 1 149 63 473 416 0 0 -1
203 1 138 64 486 415 0 0 -1
204 4 104 227 111 229 0 56 -1
204 1 179 64 444 415 0 0 -1
205 1 181 64 443 415 0 0 -1
206 1 179 63 446 415 0 0 -1
207 1 132 64 493 415 0 0 -1
208 1 175 63 450 416 0 0 -1
209 1 178 63 446 415 0 0 -1
210 4 105 226 112 229 0 56 -1
210 1 166 62 458 416 0 0 -1
211 4 104 226 112 231 0 56 -1
211 1 181 63 443 415 0 0 -1
212 1 160 62 464 417 0 0 -1
213 1 181 64 440 415 0 0 -1
214 1 182 64 440 414 0 0 -1
215 1 181 62 444 417 0 0 -1
216 1 31 61 591 417 0 0 -1
217 4 105 227 112 230 0 56 -1
217 1 180 64 442 415 0 0 -1
218 4 105 227 112 229 0 56 -1
218 1 182 62 440 416 0 0 -1
219 1 178 63 445 416 0 0 -1
220 1 175 63 448 415 0 0 -1
221 1 181 62 438 417 0 0 -1
222 1 178 63 443 415 0 0 -1
223 1 176 63 446 415 0 0 -1
224 1 66 63 556 416 0 0 -1
225 1 175 63 448 415 0 0 -1
226 1 177 64 446 415 0 0 -1
227 1 177 64 444 415 0 0 -1
228 1 167 64 458 415 0 0 -1
229 1 178 64 446 415 0 0 -1
230 1 174 61 453 418 0 0 -1
231 4 105 226 112 231 0 56 -1
231 1 182 63 444 415 0 0 -1
232 1 178 63 447 416 0 0 -1
233 1 168 64 457 415 0 0 -1
234 1 176 64 448 415 0 0 -1
235 1 182 64 441 415 0 0 -1
236 1 180 63 446 416 0 0 -1
237 1 183 63 443 416 0 0 -1
238 1 180 64 445 415 0 0 -1
239 1 183 63 443 415 0 0 -1
240 1 182 63 445 415 0 0 -1
241 1 184 64 442 415 0 0 -1
242 4 104 226 114 230 0 56 -1
242 1 176 64 450 415 0 0 -1
243 1 180 63 446 416 0 0 -1
244 4 105 226 113 231 0 56 -1
244 1 176 63 448 416 0 0 -1
245 1 175 64 453 415 0 0 -1
246 1 180 64 445 415 0 0 -1
247 4 104 225 114 231 0 56 -1
247 1 184 64 441 415 0 0 -1
248 4 105 226 114 230 0 56 -1
248 1 184 64 441 414 0 0 -1
249 1 184 63 441 416 0 0 -1
250 1 185 65 439 414 0 0 -1
251 4 105 225 115 231 0 56 -1
251 1 186 65 441 414 0 0 -1
252 1 188 65 437 414 0 0 -1
253 1 182 67 443 412 0 0 -1
254 1 186 67 439 412 0 0 -1
255 4 105 225 117 232 0 56 -1
255 1 192 70 432 409 0 0 -1
256 1 190 71 429 408 0 0 -1
257 1 197 71 424 408 0 0 -1
258 4 106 226 117 233 0 56 -1
258 1 194 71 410 407 0 0 -1
259 4 106 225 119 234 0 56 -1
259 1 197 71 409 407 0 0 -1
260 1 205 70 401 409 0 0 -1
261 1 206 69 396 409 0 0 -1
262 1 207 72 389 406 0 0 -1
263 1 206 72 388 406 0 0 -1
264 4 104 225 120 233 0 56 -1
264 1 154 65 434 413 0 0 -1
265 4 104 224 120 230 0 56 -1
265 1 102 68 492 411 0 0 -1
266 4 104 225 120 227 0 56 -1
266 1 134 74 452 404 0 0 -1
267 1 130 74 482 405 0 0 -1
268 4 105 224 120 233 0 56 -1
268 1 217 73 382 405 0 0 -1
269 4 105 225 120 232 0 56 -1
269 1 143 85 451 394 0 0 -1
270 4 105 225 119 232 0 56 -1
270 1 145 86 448 392 0 0 -1
271 4 105 225 120 232 0 56 -1
271 1 135 81 468 397 0 0 -1
272 4 105 224 120 232 0 56 -1
272 1 118 84 476 395 0 0 -1
273 1 52 95 531 384 0 0 -1
274 1 24 101 555 378 0 0 -1
275 1 15 107 559 372 0 0 -1
276 1 5 112 571 366 0 0 -1
277 1 8 113 564 366 0 0 -1
278 1 2 114 571 364 0 0 -1
279 4 104 225 121 215 0 56 -1
279 1 4 116 576 363 0 0 -1
280 4 104 225 121 215 0 56 -1
280 1 13 117 569 361 0 0 -1
281 1 4 117 578 361 0 0 -1
282 4 104 225 122 216 0 56 -1
282 1 9 119 578 360 0 0 -1
283 4 105 225 122 218 0 56 -1
283 1 9 120 577 359 0 0 -1
284 4 104 226 122 217 0 56 -1
284 1 7 121 583 357 0 0 -1
285 4 106 225 130 218 0 56 -1
285 1 17 123 574 356 0 0 -1
286 4 104 225 122 217 0 56 -1
286 1 15 124 575 355 0 0 -1
287 4 105 225 120 217 0 56 -1
287 1 19 124 572 354 0 0 -1
288 4 105 226 121 218 0 56 -1
288 1 13 125 581 354 0 0 -1
289 4 104 225 121 217 0 56 -1
289 1 12 127 582 352 0 0 -1
290 4 104 225 122 217 0 56 -1
290 1 14 126 574 353 0 0 -1
291 4 104 226 122 216 0 56 -1
291 1 9 128 582 351 0 0 -1
292 4 105 225 121 218 0 56 -1
292 1 9 129 586 350 0 0 -1
293 4 104 225 122 216 0 56 -1
293 1 8 130 588 349 0 0 -1
294 7 515 340 124 138 0 56 -1
294 1 7 130 582 349 0 0 -1
295 4 104 225 123 216 0 56 -1
295 1 10 131 581 348 0 0 -1
296 4 104 226 122 216 0 56 -1
296 1 18 132 562 347 0 0 -1
297 4 104 225 122 216 0 56 -1
297 1 20 132 554 347 0 0 -1
298 4 104 226 122 217 0 56 -1
298 1 6 132 569 347 0 0 -1
299 4 104 226 123 216 0 56 -1
299 1 3 132 564 347 0 0 -1
300 4 104 225 122 216 0 56 -1
300 1 19 132 538 347 0 0 -1
301 4 104 225 121 216 0 56 -1
301 1 8 132 547 347 0 0 -1
302 6 234 189 68 48 0 63 -1
302 4 104 225 121 216 0 56 -1
302 1 9 133 543 346 0 0 -1
303 6 236 188 64 48 0 63 -1
303 4 104 225 121 217 0 56 -1
303 1 2 133 550 345 0 0 -1
304 4 104 225 121 217 0 56 -1
304 1 0 132 551 347 0 0 -1
305 4 104 225 121 216 0 56 -1
305 1 16 131 537 348 0 0 -1
306 4 104 225 121 216 0 56 -1
306 1 15 130 535 348 0 0 -1
307 4 104 225 121 216 0 56 -1
307 1 11 129 534 349 0 0 -1
308 4 104 225 121 217 0 56 -1
308 1 14 129 531 349 0 0 -1
309 4 104 224 121 217 0 56 -1
309 1 11 129 533 350 0 0 -1
310 4 104 225 121 218 0 56 -1
310 1 7 129 539 349 0 0 -1
311 4 104 225 121 217 0 56 -1
311 1 7 130 544 349 0 0 -1
312 4 104 224 121 219 0 56 -1
312 1 6 131 543 348 0 0 -1
313 1 0 133 533 345 0 0 -1
314 1 0 134 533 344 0 0 -1
315 4 104 225 122 218 0 56 -1
315 1 1 135 531 344 0 0 -1
316 4 104 226 121 218 0 56 -1
316 1 0 135 534 343 0 0 -1
317 1 0 135 528 344 0 0 -1
318 1 0 133 520 345 0 0 -1
319 1 1 130 515 349 0 0 -1
320 1 0 127 515 351 0 0 -1
321 4 104 224 124 219 0 56 -1
321 1 2 125 513 354 0 0 -1
322 4 104 225 122 219 0 56 -1
322 1 3 122 511 357 0 0 -1
323 8 44 184 593 294 0 57 -1
323 1 6 121 507 358 0 0 -1
324 4 104 225 122 218 0 56 -1
324 1 4 119 508 359 0 0 -1
325 1 6 119 505 360 0 0 -1
326 1 9 118 504 361 0 0 -1
327 1 7 119 507 360 0 0 -1
328 1 9 120 506 359 0 0 -1
329 4 104 225 121 219 0 56 -1
329 1 9 121 508 357 0 0 -1
330 1 13 122 508 356 0 0 -1
331 1 11 123 517 355 0 0 -1
332 1 19 122 510 356 0 0 -1
333 4 105 225 137 220 0 56 -1
333 1 28 126 504 352 0 0 -1
334 1 25 126 508 352 0 0 -1
335 4 105 226 135 219 0 56 -1
335 1 30 126 506 353 0 0 -1
336 4 105 225 131 219 0 56 -1
336 1 39 125 498 353 0 0 -1
337 4 104 226 140 217 0 56 -1
337 1 36 125 501 353 0 0 -1
338 4 104 225 145 218 0 56 -1
338 1 37 125 501 353 0 0 -1
339 4 104 225 139 219 0 56 -1
339 1 35 125 503 353 0 0 -1
340 4 104 226 121 219 0 56 -1
340 1 37 126 501 353 0 0 -1
341 4 104 225 148 218 0 56 -1
341 1 20 126 520 352 0 0 -1
342 1 20 127 518 352 0 0 -1
343 4 104 226 159 218 0 56 -1
343 1 23 127 515 352 0 0 -1
344 4 103 226 158 219 0 56 -1
344 1 27 127 510 352 0 0 -1
345 4 105 225 138 219 0 56 -1
345 1 41 126 496 352 0 0 -1
346 1 50 126 484 353 0 0 -1
347 4 104 226 140 219 0 56 -1
347 1 40 126 494 353 0 0 -1
348 1 30 127 503 352 0 0 -1
349 4 104 225 120 219 0 56 -1
349 1 27 126 505 352 0 0 -1
350 4 105 226 154 217 0 56 -1
350 1 11 126 520 353 0 0 -1
351 1 33 125 495 353 0 0 -1
352 4 104 225 121 219 0 56 -1
352 1 26 125 502 353 0 0 -1
353 1 21 126 504 352 0 0 -1
354 1 29 125 494 353 0 0 -1
355 1 13 126 508 353 0 0 -1
356 4 104 224 122 219 0 56 -1
356 1 15 126 504 353 0 0 -1
357 4 104 226 122 217 0 56 -1
357 1 5 126 512 353 0 0 -1
358 4 104 224 122 219 0 56 -1
358 1 8 125 508 353 0 0 -1
359 4 105 224 122 219 0 56 -1
359 1 25 125 490 354 0 0 -1
360 4 105 225 121 219 0 56 -1
360 1 17 125 497 354 0 0 -1
361 1 18 125 494 354 0 0 -1
362 4 105 226 121 218 0 56 -1
362 1 25 124 488 354 0 0 -1
363 4 104 225 121 218 0 56 -1
363 1 20 125 490 354 0 0 -1
364 1 8 126 501 353 0 0 -1
365 11 42 180 595 298 0 57 -1
365 1 9 125 499 353 0 0 -1
366 11 38 180 600 298 0 57 -1
366 1 16 124 491 355 0 0 -1
367 11 34 181 603 296 0 57 -1
367 1 22 124 486 355 0 0 -1
368 11 37 180 601 298 0 57 -1
368 1 21 125 488 354 0 0 -1
369 11 37 182 600 296 0 57 -1
369 1 16 125 493 354 0 0 -1
370 11 36 180 601 297 0 57 -1
370 1 11 127 497 352 0 0 -1
371 11 30 181 607 297 0 57 -1
371 1 8 125 499 353 0 0 -1
372 11 36 180 601 298 0 57 -1
372 1 14 125 493 354 0 0 -1
373 11 37 180 600 298 0 57 -1
373 1 15 125 494 354 0 0 -1
374 11 39 181 599 296 0 57 -1
374 4 105 225 122 219 0 56 -1
374 1 17 125 491 354 0 0 -1
375 11 34 180 603 298 0 57 -1
375 1 19 125 489 354 0 0 -1
376 11 32 181 606 297 0 57 -1
376 1 6 126 503 353 0 0 -1
377 11 36 178 601 300 0 57 -1
377 4 105 225 121 219 0 56 -1
377 1 19 124 490 354 0 0 -1
378 11 40 178 597 300 0 57 -1
378 4 105 225 123 219 0 56 -1
378 1 7 126 501 352 0 0 -1
379 11 43 181 594 297 0 57 -1
379 4 105 225 122 219 0 56 -1
379 1 18 125 491 354 0 0 -1
380 11 38 181 599 297 0 57 -1
380 4 105 225 121 219 0 56 -1
380 1 16 124 493 354 0 0 -1
381 11 40 178 597 300 0 57 -1
381 1 14 124 496 354 0 0 -1
382 11 35 181 602 297 0 57 -1
382 4 104 225 122 218 0 56 -1
382 1 19 124 491 354 0 0 -1
383 11 39 178 598 299 0 57 -1
383 1 16 125 493 354 0 0 -1
384 11 41 179 596 299 0 57 -1
384 1 18 125 492 354 0 0 -1
385 4 104 224 123 219 0 56 -1
385 1 7 127 502 352 0 0 -1
386 11 40 180 597 298 0 57 -1
386 1 6 128 502 351 0 0 -1
387 11 40 181 597 297 0 57 -1
387 4 104 225 122 218 0 56 -1
387 1 6 128 503 351 0 0 -1
388 11 37 178 600 300 0 57 -1
388 4 105 225 122 218 0 56 -1
388 1 16 125 494 353 0 0 -1
389 11 34 176 603 301 0 57 -1
389 1 18 124 492 354 0 0 -1
390 4 105 225 122 219 0 56 -1
390 1 17 124 491 354 0 0 -1
391 11 34 181 603 297 0 57 -1
391 1 5 127 503 352 0 0 -1
392 11 38 183 600 294 0 57 -1
392 1 7 127 500 352 0 0 -1
393 11 30 180 607 298 0 57 -1
393 1 11 127 495 352 0 0 -1
394 11 30 181 607 297 0 57 -1
394 1 22 125 487 354 0 0 -1
395 11 33 179 605 298 0 57 -1
395 1 7 127 497 352 0 0 -1
396 1 24 125 482 354 0 0 -1
397 11 26 180 611 298 0 57 -1
397 1 16 126 493 352 0 0 -1
398 11 31 182 606 296 0 57 -1
398 4 104 225 122 218 0 56 -1
398 1 22 125 491 353 0 0 -1
399 1 14 127 498 352 0 0 -1
400 1 7 128 507 350 0 0 -1
401 1 8 129 509 350 0 0 -1
402 4 105 224 122 219 0 56 -1
402 1 10 129 512 350 0 0 -1
403 4 104 224 122 219 0 56 -1
403 1 5 127 519 351 0 0 -1
404 1 8 130 521 349 0 0 -1
405 4 104 225 121 219 0 56 -1
405 1 20 128 513 350 0 0 -1
406 4 105 225 135 218 0 56 -1
406 1 17 127 518 351 0 0 -1
407 4 105 226 130 218 0 56 -1
407 1 22 126 518 352 0 0 -1
408 4 105 226 138 219 0 56 -1
408 1 24 125 523 354 0 0 -1
409 4 105 225 141 219 0 56 -1
409 1 21 124 537 354 0 0 -1
410 4 105 225 128 219 0 56 -1
410 1 33 122 519 357 0 0 -1
411 4 105 225 136 219 0 56 -1
411 1 40 121 516 358 0 0 -1
412 4 105 225 133 218 0 56 -1
412 1 37 121 520 357 0 0 -1
413 4 105 225 142 218 0 56 -1
413 1 45 121 514 357 0 0 -1
414 4 105 226 135 217 0 56 -1
414 1 37 122 523 356 0 0 -1
415 4 105 225 130 218 0 56 -1
415 1 39 123 521 355 0 0 -1
416 4 105 225 152 219 0 56 -1
416 1 32 123 530 355 0 0 -1
417 1 38 123 521 355 0 0 -1
418 4 105 225 128 220 0 56 -1
418 1 26 124 533 354 0 0 -1
419 4 105 225 136 219 0 56 -1
419 1 40 124 519 354 0 0 -1
420 4 105 225 147 219 0 56 -1
420 1 30 124 529 355 0 0 -1
421 4 105 225 154 218 0 56 -1
421 1 34 125 524 354 0 0 -1
422 4 104 225 120 219 0 56 -1
422 1 30 124 529 354 0 0 -1
423 4 105 225 133 219 0 56 -1
423 1 36 125 533 354 0 0 -1
424 4 105 225 153 218 0 56 -1
424 1 39 125 520 353 0 0 -1
425 4 104 225 121 219 0 56 -1
425 1 40 125 520 353 0 0 -1
426 4 105 225 133 218 0 56 -1
426 1 41 125 517 353 0 0 -1
427 4 105 225 139 218 0 56 -1
427 1 38 125 521 354 0 0 -1
428 4 105 225 152 218 0 56 -1
428 1 40 125 519 354 0 0 -1
429 4 105 225 145 218 0 56 -1
429 1 43 124 516 354 0 0 -1
430 12 234 189 76 48 0 63 -1
430 4 105 225 132 217 0 56 -1
430 1 47 124 521 354 0 0 -1
431 4 105 225 142 218 0 56 -1
431 1 40 125 518 354 0 0 -1
432 4 105 225 124 218 0 56 -1
432 1 42 124 516 354 0 0 -1
433 4 104 225 153 218 0 56 -1
433 1 48 124 511 354 0 0 -1
434 4 105 225 143 218 0 56 -1
434 1 42 125 516 354 0 0 -1
435 4 105 225 127 218 0 56 -1
435 1 41 125 523 354 0 0 -1
436 4 104 225 130 218 0 56 -1
436 1 42 125 516 354 0 0 -1
437 4 105 225 132 218 0 56 -1
437 1 49 124 509 354 0 0 -1
438 4 105 225 123 218 0 56 -1
438 1 45 125 513 354 0 0 -1
439 4 105 225 149 218 0 56 -1
439 1 42 125 517 354 0 0 -1
440 4 104 225 150 217 0 56 -1
440 1 45 124 511 354 0 0 -1
441 4 105 225 146 218 0 56 -1
441 1 45 124 512 354 0 0 -1
442 4 105 225 145 218 0 56 -1
442 1 44 124 514 354 0 0 -1
443 4 105 225 120 219 0 56 -1
443 1 43 125 525 354 0 0 -1
444 4 104 225 120 219 0 56 -1
444 1 46 124 528 355 0 0 -1
445 4 105 225 134 218 0 56 -1
445 1 48 124 527 355 0 0 -1
446 4 104 225 120 219 0 56 -1
446 1 40 123 532 356 0 0 -1
447 4 105 225 128 219 0 56 -1
447 1 45 121 520 358 0 0 -1
448 4 104 225 148 218 0 56 -1
448 1 43 121 534 358 0 0 -1
449 1 44 122 532 357 0 0 -1
450 4 105 225 160 217 0 56 -1
450 1 37 123 529 356 0 0 -1
451 4 105 225 149 218 0 56 -1
451 1 45 123 516 355 0 0 -1
452 4 105 225 155 218 0 56 -1
452 1 41 124 527 355 0 0 -1
453 4 105 225 148 219 0 56 -1
453 1 37 122 521 356 0 0 -1
454 4 105 226 157 217 0 56 -1
454 1 35 122 522 356 0 0 -1
455 4 105 226 151 217 0 56 -1
455 1 36 122 525 356 0 0 -1
456 4 105 226 133 218 0 56 -1
456 1 40 123 520 356 0 0 -1
