1 2 422 184 217 292 0 56 -1
1 1 46 73 484 405 0 0 -1
2 2 422 184 217 292 0 56 -1
2 1 45 72 485 407 0 0 -1
3 2 422 183 217 292 0 56 -1
3 1 38 70 490 408 0 0 -1
4 2 422 184 217 292 0 56 -1
4 1 41 74 487 404 0 0 -1
5 2 422 184 217 292 0 56 -1
5 1 36 73 493 405 0 0 -1
6 2 424 183 214 292 0 56 -1
6 1 51 74 486 404 0 0 -1
7 3 104 226 121 225 0 56 -1
7 2 424 183 214 294 0 56 -1
7 1 47 74 491 404 0 0 -1
8 2 425 183 214 292 0 56 -1
8 1 44 74 496 404 0 0 -1
9 3 104 226 121 223 0 56 -1
9 2 425 183 214 292 0 56 -1
9 1 46 74 501 404 0 0 -1
10 2 425 183 214 292 0 56 -1
10 1 45 74 498 404 0 0 -1
11 2 425 183 214 292 0 56 -1
11 1 42 75 503 404 0 0 -1
12 2 425 183 214 292 0 56 -1
12 1 40 74 499 404 0 0 -1
13 2 425 183 214 293 0 56 -1
13 1 48 74 492 404 0 0 -1
14 2 425 183 214 292 0 56 -1
14 1 40 74 501 404 0 0 -1
15 2 425 183 214 292 0 56 -1
15 1 44 74 505 404 0 0 -1
16 3 104 226 122 225 0 56 -1
16 1 45 74 510 405 0 0 -1
17 2 425 183 214 293 0 56 -1
17 1 43 74 519 404 0 0 -1
18 2 425 183 214 294 0 56 -1
18 1 45 74 501 404 0 0 -1
19 2 425 183 214 292 0 56 -1
19 1 45 73 502 405 0 0 -1
20 1 44 73 516 405 0 0 -1
21 2 425 183 214 293 0 56 -1
21 1 45 74 503 405 0 0 -1
22 2 425 183 214 293 0 56 -1
22 1 44 74 519 404 0 0 -1
23 2 425 183 214 293 0 56 -1
23 1 46 73 498 405 0 0 -1
24 2 425 183 214 292 0 56 -1
24 1 44 73 503 405 0 0 -1
25 3 104 225 121 225 0 56 -1
25 1 45 73 503 405 0 0 -1
26 1 47 74 509 405 0 0 -1
27 2 425 183 214 291 0 56 -1
27 1 43 73 530 406 0 0 -1
28 2 425 183 214 292 0 56 -1
28 1 51 73 490 405 0 0 -1
29 1 51 73 499 406 0 0 -1
30 1 46 72 509 406 0 0 -1
31 3 104 225 121 226 0 56 -1
31 2 420 183 218 291 0 56 -1
31 1 27 71 568 407 0 0 -1
32 2 419 182 220 292 0 56 -1
32 1 1 70 570 409 0 0 -1
33 2 417 181 221 294 0 56 -1
33 1 0 69 558 409 0 0 -1
34 1 0 68 561 410 0 0 -1
35 1 0 64 635 414 0 0 -1
36 2 409 180 230 290 0 56 -1
36 1 0 65 629 413 0 0 -1
37 2 406 182 233 292 0 56 -1
37 1 0 73 606 406 0 0 -1
38 4 359 79 163 143 0 63 -1
38 2 402 182 237 294 0 56 -1
38 1 3 76 606 402 0 0 -1
39 4 353 80 167 140 0 63 -1
39 1 2 79 598 399 0 0 -1
40 1 2 80 621 398 0 0 -1
41 1 2 80 624 398 0 0 -1
42 1 1 82 597 397 0 0 -1
43 1 1 73 607 405 0 0 -1
44 1 1 73 611 406 0 0 -1
45 1 2 74 607 405 0 0 -1
46 1 2 73 609 406 0 0 -1
47 1 3 72 612 407 0 0 -1
48 1 3 72 595 407 0 0 -1
49 1 4 72 575 406 0 0 -1
50 2 19 181 619 296 0 57 -1
50 1 3 72 563 407 0 0 -1
51 2 18 181 619 296 0 57 -1
51 1 4 71 572 408 0 0 -1
52 2 17 181 620 296 0 57 -1
52 1 3 68 562 411 0 0 -1
53 2 21 181 616 296 0 57 -1
53 1 3 68 558 410 0 0 -1
54 2 17 182 619 295 0 57 -1
54 1 5 68 554 411 0 0 -1
55 2 18 181 617 296 0 57 -1
55 1 3 66 557 412 0 0 -1
56 1 0 84 552 395 0 0 -1
57 2 16 178 619 301 0 57 -1
57 1 1 87 551 392 0 0 -1
58 2 11 178 625 300 0 57 -1
58 1 3 75 548 404 0 0 -1
59 2 13 179 623 299 0 57 -1
59 1 1 75 553 403 0 0 -1
60 2 9 180 627 297 0 57 -1
60 1 2 77 550 402 0 0 -1
61 2 12 181 624 297 0 57 -1
61 1 1 77 552 401 0 0 -1
62 2 13 181 623 296 0 57 -1
62 1 2 77 550 401 0 0 -1
63 2 12 181 623 296 0 57 -1
63 1 1 78 537 401 0 0 -1
64 2 24 182 613 296 0 57 -1
64 1 0 85 537 394 0 0 -1
65 2 8 181 630 297 0 57 -1
65 1 1 77 517 401 0 0 -1
66 2 19 183 617 296 0 57 -1
66 1 0 82 510 397 0 0 -1
67 2 21 182 615 296 0 57 -1
67 1 0 80 510 398 0 0 -1
68 2 23 182 614 296 0 57 -1
68 1 0 79 521 400 0 0 -1
69 2 22 181 614 297 0 57 -1
69 1 0 83 524 396 0 0 -1
70 1 0 78 533 400 0 0 -1
71 1 4 69 529 409 0 0 -1
72 1 0 76 531 402 0 0 -1
73 1 0 72 530 406 0 0 -1
74 1 0 72 525 406 0 0 -1
75 2 405 181 234 296 0 56 -1
75 1 0 70 521 408 0 0 -1
76 2 421 179 218 297 0 56 -1
76 1 4 68 516 410 0 0 -1
77 2 424 181 215 297 0 56 -1
77 1 0 65 522 413 0 0 -1
78 2 428 184 211 294 0 56 -1
78 1 0 67 518 412 0 0 -1
79 2 432 184 206 294 0 56 -1
79 1 0 71 517 408 0 0 -1
80 2 435 184 204 294 0 56 -1
80 1 0 72 520 406 0 0 -1
81 2 439 184 199 294 0 56 -1
81 1 0 74 521 405 0 0 -1
82 2 440 184 198 294 0 56 -1
82 1 0 72 520 407 0 0 -1
83 2 443 184 195 294 0 56 -1
83 1 0 74 510 404 0 0 -1
84 2 444 185 194 293 0 56 -1
84 1 0 72 519 407 0 0 -1
85 2 446 185 193 292 0 56 -1
85 1 0 69 510 409 0 0 -1
86 2 447 186 192 292 0 56 -1
86 1 0 69 509 409 0 0 -1
87 2 447 186 192 292 0 56 -1
87 1 0 74 520 404 0 0 -1
88 2 446 185 192 293 0 56 -1
88 1 0 74 520 404 0 0 -1
89 2 445 185 193 292 0 56 -1
89 1 0 73 519 406 0 0 -1
90 2 444 184 194 293 0 56 -1
90 1 0 72 520 407 0 0 -1
91 2 443 184 195 293 0 56 -1
91 1 0 75 521 404 0 0 -1
92 2 441 184 198 293 0 56 -1
92 1 0 75 520 404 0 0 -1
93 2 441 185 198 293 0 56 -1
93 1 0 75 520 403 0 0 -1
94 2 440 185 198 292 0 56 -1
94 1 0 76 519 402 0 0 -1
95 2 440 184 199 293 0 56 -1
95 1 0 75 519 403 0 0 -1
96 2 440 184 199 293 0 56 -1
96 1 0 75 520 404 0 0 -1
97 2 440 184 199 293 0 56 -1
97 1 0 76 520 403 0 0 -1
98 2 440 184 199 292 0 56 -1
98 1 0 76 523 402 0 0 -1
99 2 440 185 199 293 0 56 -1
99 1 0 75 522 404 0 0 -1
100 2 440 184 199 294 0 56 -1
100 1 0 78 523 400 0 0 -1
101 2 440 183 199 294 0 56 -1
101 1 0 76 521 402 0 0 -1
102 2 440 184 198 293 0 56 -1
102 1 0 75 521 403 0 0 -1
103 2 440 184 199 293 0 56 -1
103 1 0 77 520 402 0 0 -1
104 2 440 184 198 293 0 56 -1
104 1 0 78 524 401 0 0 -1
105 2 440 184 198 294 0 56 -1
105 1 0 77 523 402 0 0 -1
106 2 440 184 199 294 0 56 -1
106 1 0 77 524 401 0 0 -1
107 2 440 185 198 293 0 56 -1
107 1 0 75 523 403 0 0 -1
108 2 440 184 199 293 0 56 -1
108 1 0 75 525 403 0 0 -1
109 2 440 184 199 294 0 56 -1
109 1 0 75 523 404 0 0 -1
110 2 440 184 199 294 0 56 -1
110 1 0 73 522 406 0 0 -1
111 2 440 185 199 293 0 56 -1
111 1 0 76 520 403 0 0 -1
112 2 440 185 199 293 0 56 -1
112 1 0 73 521 405 0 0 -1
113 2 440 184 199 294 0 56 -1
113 1 0 75 521 404 0 0 -1
114 2 440 184 199 294 0 56 -1
114 1 0 74 521 405 0 0 -1
115 2 440 185 199 293 0 56 -1
115 1 0 75 519 403 0 0 -1
116 2 440 185 199 292 0 56 -1
116 1 0 75 520 404 0 0 -1
117 2 440 184 199 294 0 56 -1
117 1 0 74 522 405 0 0 -1
118 2 440 184 198 293 0 56 -1
118 1 0 74 520 405 0 0 -1
119 2 440 184 199 293 0 56 -1
119 1 0 73 522 405 0 0 -1
120 2 440 184 199 293 0 56 -1
120 1 0 74 522 405 0 0 -1
121 2 440 184 199 293 0 56 -1
121 1 0 74 519 404 0 0 -1
122 2 440 184 198 293 0 56 -1
122 1 0 73 524 405 0 0 -1
123 2 440 184 199 293 0 56 -1
123 1 0 75 523 404 0 0 -1
124 2 440 184 199 294 0 56 -1
124 1 0 74 521 405 0 0 -1
125 2 440 184 198 294 0 56 -1
125 1 0 74 522 404 0 0 -1
126 2 440 184 199 293 0 56 -1
126 1 0 74 520 404 0 0 -1
127 2 440 184 199 294 0 56 -1
127 1 0 77 527 402 0 0 -1
128 2 440 184 198 293 0 56 -1
128 1 0 76 522 402 0 0 -1
129 2 440 183 199 294 0 56 -1
129 1 0 76 522 403 0 0 -1
130 2 440 184 198 293 0 56 -1
130 1 0 69 512 409 0 0 -1
131 2 440 183 199 294 0 56 -1
131 1 0 69 511 409 0 0 -1
132 2 439 184 199 294 0 56 -1
132 1 0 68 511 411 0 0 -1
133 2 439 184 200 293 0 56 -1
133 1 0 74 522 405 0 0 -1
134 2 439 185 199 293 0 56 -1
134 1 0 70 520 409 0 0 -1
135 2 439 183 200 295 0 56 -1
135 1 0 70 520 408 0 0 -1
136 2 439 184 200 294 0 56 -1
136 1 0 70 521 409 0 0 -1
137 2 439 184 200 294 0 56 -1
137 1 0 70 523 409 0 0 -1
138 2 439 184 200 293 0 56 -1
138 1 0 71 521 408 0 0 -1
